40
1 0 5 5760
2 0 4 4190
3 1 8 3290
4 1 2 2030
5 1 2 2550
6 2 8 6990
7 2 8 8940
8 3 10 740
9 3 7 3930
10 3 6 6890
11 4 5 6580
12 4 8 3820
13 4 9 9140
14 4 10 420
15 5 10 220
16 5 7 7540
17 7 3 3210
18 7 1 1380
19 7 9 9850
20 9 3 3610
21 9 7 7540
22 9 2 2710
23 10 8 8390
24 11 5 5950
25 11 12 9850
26 12 6 610
27 12 9 8540
28 12 2 1710
29 13 8 9390
30 13 10 950
31 18 13 9050
32 18 3 880
33 18 7 6540
34 18 6 3710
35 20 5 8890
36 21 9 6750
37 22 2 310
38 24 11 840
39 25 8 4710
40 25 12 8390
